0
0
0
0
01000001100100000011001101111100
01000001110101001000000111100000
01000010000010110101011111010010
11000001001111101011110100011000
01000001100110100011001011001100
11000001110101000000110011100000
11000010001101000001100011010100
11000010001101111011110101000100
11000001111010110100000000001000
11000010000111111001110111100011
11000001111011010000001110011100
10111111110011101111001000000000
01000001110001101010001010111100
11000010000001010011000111010000
11000001111011001110110110111100
11000000110101111000010011011000
0
0
0
01000001100000100010110100010100
11000000101001010000100011010000
11000001100101000100000100110001
01000010001100110101101001111000
11000001111101011000111110100110
11000001100110110001001110111000
11000001100011011101100111100110
01000000011111010011000110010000
11000000001010100010000101010000
11000001010100011111000100101100
01000001001001011001101011101100
11000001111111110000101010101010
11000001011110000101110111100100
01000010000000001000001101011000
11000001011000000110110001000100
01000010001000111101101011011100
0
0
0
11000010001110000101110001001100
11000001110011101100001000010000
01000001000100000110100000001100
11000010001111010011111010011100
11000001000000111010011001000100
01000010010000010011000010110010
11000010010000001011000011110010
11000010001010111001111010111011
11000001001000001000010010000100
00111110100111010010010110000000
01000000001010110111111001110000
11000001100111100001011111000101
01000010000001000100001000001100
11000010000011110000100001010000
01000001101011101101101110110000
01000001001110000001100110011000
0
0
0
01000010000110101010000000110010
01000010000001110011111010011000
01000001000000100111111001100100
11000010001000100000010010011100
01000010001000010010011010100010
11000001000001001101001011000100
11000001101000011000100011110111
01000001001100000101010011110000
11000000010000100010110110110000
01000001111101010101110101111000
11000001111100110101100010001001
01000001101001000010101010010100
11000010001110001100101110011110
11000001101110110110110110110100
11000000100010111000000011010000
01000001111011001110110100011100
0
0
0
01000010000100011101010010010100
01000001110010000110100111011000
11000001111111100100100111011101
01000000110011100010111001100000
11000001111011101111000000011111
01000010001111110111011010110010
01000001011011000101000101001000
11000010000110100111101010101000
11000001000011000110111001000000
01000001010111010111011000011000
11000010001011100010101001001000
11000001001001110111010010000000
01000010000010111010101110111100
01000010000100101100101110010000
11000001110001101001101001100000
11000001001010111110001100101000
0
0
0
11000001111111100001001010010011
11000010001100000110001001011011
01000010001101100111110010111010
01000000111111111001100111110000
01000001110101100100011011000100
01000010010001000100100101100010
01000010001010110110010100101000
11000010001011100001111011011101
01000010000110111100101000110000
11000001110100111010111100111100
11000001000100001110011110111000
11000001111011011001110100111011
11000001111101100011101101000000
01000001001101010110101001000100
01000001100100100011110100101100
11000010001100000010001011110110
0
0
0
11000001100100100011101110111100
11000010000011110111001110101101
11000010000100100001010100110100
01000001010100110010001110011100
01000001010111011011101100100100
11000010000111110110001001000000
11000000101111001100000010011000
01000001001010101111101010100000
01000001100100001100101101100000
01000001011010101100100001101000
11000001101100110110110010010101
01000010001000011110101001101000
01000010001011010000011000111110
11000001101100100010100111000010
11000010010000000010110111010111
11000000100011101001011111111000
0
0
0
01000000001010010000011100000000
11000010001000001101111001011101
01000001101001001101001011010000
01000010000001001000011111000110
11000010010001111001110110110010
11000001110010011101110011001001
11000010001000100100010100001100
01000000100101010010110110101000
00111111100111011111110000100000
11000001100011010001100100000000
01000010000101100010110111101000
11000010000011101101000100111001
01000010001100011000010010001100
01000001101100010011110010100000
11000010000100111010101100001000
11000000100001110111100010001000
0
0
0
01000010001101110011000001101010
00111111100010101001101001100000
11000010001101110000110110111010
11000010001111001000100101011010
11000000011100111110101111110000
11000010000111100100000110000110
11000001000010001101001100000100
11000010010001100100100000110100
11000010000111101100111110111100
11000000000000000010010011010000
01000010001000010100011011000100
11000010000110111000010011100001
11000010001111100010001111010101
01000001001000101010111010101000
11000010001011001100001101001001
11000001101100011011001100100110
0
0
0
01000001111111111000100110011000
11000010001100000110100000110110
01000010001001000111110111111110
11000010000010011100000101010010
11000000110110101111001100011000
11000001111111101001010110100000
11000010000101000010000010001001
01000000111101010110111101110000
11000000011010110111100101010000
00111111001111101011010011000000
11000001100100000010000111000100
11000010001101000000111101101010
11000000101110011110011000000000
01000001010111101011011101101000
11000001111001010100010010111000
01000010010000110011010011110100
0
0
0
11000000110100010011000010111000
00111111100100110110101101000000
01000000010001101100111010000000
01000000110001000000100000001000
11000001111100110011001010000100
11000010001010010011101010011110
01000001110110000001011011110100
01000010001101101000110100100000
01000010000110101001011101010110
01000001101000100100110001100100
11000001000000011111000000110100
01000010000110011110011010111100
11000001111010001000000011101000
11000001111001010001110110101000
11000010001100100010110010010000
11000001101010100110101111001100
0
0
0
01000010000101111011001111001100
01000010001000110010011100111100
11000010001100000001000100001001
11000010010000100011011001000101
11000010001111111110111101001110
11000010001001111010011110111000
01000000101000001111000100110000
01000001111111111000100111111000
01000000100000110000011110000000
01000010000000111001110110100000
01000000100110110100110111000000
01000010000110110111000100111100
01000010001011101001110110001010
11000001101110101101101000100011
11000001011001010100110110011100
11000010010001100110001101101001
0
0
0
11000001111110100001110100101011
01000001011110000000010000010000
11000001101110001100110100010111
01000001001111010100100110011000
11000010010000110011110100010111
01000001100010010001000010000100
11000010000011001011000111010010
11000000010110101000100111100000
11000001010001110000011001101100
11000001110100100001010101110011
11000010000001011001011000110100
11000001110100010100110101101001
11000001001111010100100010101000
01000010010001110001001011001010
01000001111100000111001101100000
01000010000000000111111110011100
0
0
0
00111111001000000110100011000000
11000001110001101111010000111100
01000001100011110011011011111000
01000010001110010001001011100100
11000001100011001010001000001100
11000001011110010110101101010100
01000010001011010010010111010010
10111101110001011111101000000000
11000010000000100010011010001011
01000001001011100100011100100100
11000001000000111011010000010000
11000001101000110000110111010100
01000001111110101000001001111100
01000001110101001100000010100000
01000001011110110101010111000000
01000010000010010111001000010000
0
0
0
11000001101001110111000100100110
01000001110010000110001010101000
11000001010101100101010101011000
11000010000001011100010100111110
01000001110100000111000111000000
01000001110110001101100100100100
11000001110101101111010110000011
11000000110011110011000101010000
11000001110101111010111101101001
11000010001101101110001111111101
01000000011101111100101010000000
11000010001001001100000000010001
01000010001101101001000100111100
01000010000010011110000010011110
11000001101111001101010101011101
11000001101110010011001010100000
0
0
0
01000010000011110101110010100100
01000000100010111011100001111000
01000000001101110000010111010000
01000001111110101100111010101100
01000001011110010010000111111000
11000010000100011111111011001110
01000010001100110111010101000000
01000001110011101100110011011100
11000001001000100001111010110100
01000010010001000101011010111100
11000001000101100001010101110000
01000001111101101111010000011100
11000010010001100011110111110001
11000000100010111010001011010000
11000010001111100100000010101011
10111110001010011111100000000000
0
0
0
11000010000101110000110000010001
01000001111111100101111100110100
11000001100001010011100010011010
01000000100100110011110001100000
01000010000101010000110111111000
01000001111011100001000011111100
11000010000011111100011000101100
01000001100001011101111010010100
00111101101110111111011000000000
11000010000000110010001100100110
01000001100011101010011001110000
11000010000011001110000010001000
01000001111010010101001001100100
01000001100010001001101100000100
11000001101001010010111111000000
11000010001001101001010010101110
0
0
0
01000000011100001010111100010000
11000000110001010010101111110000
01000000100101101001110110010000
01000001111011001101111011110100
11000001100110101001011001101101
11000010001100110001001110101001
11000010001010100011101010110100
01000010000010101100100111111110
11000000011111010101110111110000
11000010001000101110001000001011
11000001100111001101111001101110
10111111001001111100101000000000
01000000111101001000000111011000
11000001110001100110000010100010
11000001010100011111010110011000
11000010000100010110110001110011
0
0
0
11000010001001101100110110111101
11000010000100001100011010011000
01000001110010011011110010111100
01000010010001001000101111001010
11000000001000110110100001000000
01000010001111100100001110010100
01000001100011000110101011010000
01000000000010001110000011000000
01000010001101101000001110001110
01000001110100111010110111101000
11000000100001110010111001010000
11000001110100100110101111111100
11000010000111111001110111000111
11000001100111000010111001101110
11000010001101001001000111101000
11000010000001001101001111100100
0
0
0
01000010000011001010000101110000
01000001101001110011011010101000
01000010001001110011110011100100
01000001010111101101110110111100
11000001111100101010010111011010
11000001100010101010001011011010
11000010001100101100110010110010
01000001000100011111000100110000
01000010001101100011000110001000
01000001110110001111111010110000
11000001100001001100001110100000
11000001010110001111111010010100
01000010001000111101101011000100
01000001110010011000111011100100
11000001000100010101010111100100
11000001111011110101010010101011
0
0
0
11000001110100100101100100111100
11000010001111101110000001100010
11000001111111000011011010110001
11000010001011100010100001101100
01000001110110011100011000000100
01000010001101001100111101011100
11000001111010111011110011100110
11000001001101111000110111111100
11000000111101110100011100010000
01000001011111111101001011001000
11000001100100011100111010001110
11000000010011001010000010110000
10111111110010101011011111000000
11000001100111110100110000001000
01000010000110001110010110011100
11000000101010100101100011000000
0
0
0
11000010000000011010010000101100
11000010001011111001111011110100
01000001100101110001100001011000
10111111100110110111000110000000
11000010000101001100110010010010
01000001111101100000001100101000
01000001000100011100101111111000
01000001010011011110110001111100
11000001110000011111110100001001
11000010001001100101010101001011
11000001100011101010111111111000
01000001011100111010101011010000
11000010001001110010000101011111
11000001001100111101010011001000
01000010001111101110001011000100
11000010000111110111001001100110
0
0
0
11000001010110100111001100011100
11000001110000101011100010110000
01000001000110010000000110001000
11000001010101001010100100000100
01000001101101001000111000010000
01000010001110101011111001101110
01000010000001000100011000101010
01000000001111011101110110000000
01000000100000101000000100000000
01000000110001011110110101000000
11000001111101001111010000101001
11000001001010010101001001010100
01000001100010001100001011000100
01000001111110110100010011100000
11000010001100110010011110100001
01000010001110001010101000010010
0
0
0
01000001110001011111010111100000
01000001111101101100111000111100
01000000010100000101110001110000
01000001111101000001001010000000
01000010000011001000010110110110
11000000111000000001011101010000
11000010000101100110010100000001
01000010000001011110100001100110
01000001100110101001111101100000
11000001111011110101111111101111
11000001100110011011001111000100
11000001011101001111011010010100
11000000110011001111011000100000
11000010001011000100111101011101
11000001100111001000000110000100
01000010010000101000100001010100
0
0
0
11000010000100110101011110011111
11000000011100010100001110100000
11000001110110010100100101010111
11000010001001001011100010101000
01000001101111101110101100011100
01000010000000110111011101111100
11000001000110001001001100011000
01000010010000111011000001100010
11000010001011111100000001111100
11000001000101011010110000101000
01000010001100111111110001010100
00111110000101000110001000000000
11000001010101000110000110011100
11000001001101011010011110011000
11000001100111101001010111010001
11000001011110101110001100000000
0
0
0
11000001111110111000110100111001
11000010000011010010000111000000
01000001000001010011111110101100
11000001011011000001010001110100
01000010001010000110000100001100
00111111010110110001001000000000
11000000000111010001101100010000
11000000111000111001010001000000
11000000100101010101100101010000
11000010000000110000101111111010
01000001110100010101001001010100
11000010010000001011011011110100
11000010001011100001011001001000
11000010000111100010100110000100
11000001001011001011001011001000
11000010010001100110101111101111
0
0
0
01000001000111010110111100000000
11000001110110101101100101010001
10111111011100100101111011000000
11000001010101100100111101101100
11000001110100100011101001110000
01000001010010011111101101100100
11000010001101000001101010000011
11000010000111011000100011010000
11000010001110001110000010101001
11000010000010011110000010011011
11000001101001111000100011101001
01000010001011011101101101100000
11000001111101000110001111010011
11000010001011110000010100111100
01000001000000100100010101001100
11000010000100111000000001110111
0
0
0
01000010001111000000010110110100
11000010001100000100001001010001
11000010001001011110101100101100
11000001100110111110101011010010
11000001101101010010011010011010
11000001101111100000000001100010
10111111111001001110011011000000
11000010001100000010110110100000
01000001110001001001010101010100
01000000010111110110000000000000
01000010001010111101010011100010
11000001001000101101101110100100
01000001100100111100110100100000
01000001100001011111100000111100
01000000000100011001101001110000
11000001001101010111101011100000
0
0
0
11000000000010011000110000100000
01000001111100001110111011100100
11000000000101001101010001010000
01000001100101011110100000110100
01000001110001101011111000111000
11000010000110100100110000010101
01000010000001010100011101011110
11000010000110111110111001111001
11000000100111001100100001100000
11000000100111100011000111111000
11000010001110101010001100101110
01000010000001111010111111001000
01000010001110001111110100101110
11000010000001010010100101100000
11000010010000010101011010111110
11000010000100001010010000101000
0
0
0
11000010001101001111100011000110
11000001111110010111000000100001
11000010000101110101000110010100
11000010001011110011111100110000
01000010001010010001001101011000
01000010000111010110101010101100
11000001001110011000011010011100
01000000101100011010100110011000
11000001111100100010001111000111
01000000010111000011110011100000
01000001001000100110011111111000
11000001101101100100010100000111
11000001101100011110011010111000
01000001101011110001010010100100
11000001110111011001011001010001
11000010001011001100011010010010
0
0
0
11000001110110000110110001101110
01000001100010101100001100000100
01000001101111001000010001000100
01000001111001110110011100001100
01000000111001100001111010101000
11000000001011010000110000010000
11000010001001101011110101101001
01000010010001011110011011101000
11000001011000001001110101110100
01000010001100010110001100001100
00111111010100110010101001000000
01000001011001101101110101111000
01000010000100100010000101111110
11000000111000101010000110001000
11000001011101101001010010001000
11000010001111101010101000001111
0
0
0
11000001111101101010010100000101
01000000001110111010011011000000
11000001100100100101111001111111
11000010000000011010101111010110
01000001110111010100110010010000
10111111101000000010011101000000
11000001010111101100111100000100
01000001011110100101011011100000
01000001110111101101010111000100
11000010000011110010100110101001
11000010001001010000101111100010
01000001100111000001111111101100
01000010001011110001111111010100
01000001100011010110011110110000
01000000111001111011001011011000
11000000101010011010111011101000
0
0
0
01000000110010111000111101111000
01000000110111101100100100010000
01000001100110101110000111111000
01000000110111000101010000110000
01000001101011000100101001100000
01000010000100111110100110100010
11000010001001110001001011110001
01000001111000111011000111101100
11000000010001100011001111100000
11000010010000011001000111101011
11000001101010011000100000000011
01000000100001111010111100111000
01000001110010101100101101101100
01000001110001100100101101101100
01000010000010101110110011000110
11000010000110001001100110110110
0
0
0
11000000001000101001001101010000
11000001101011001100110001000001
01000000000010111011010100010000
01000010000010010010001010000000
01000010001000101110111110010010
01000001101000101010010010011100
00111111111010011111110110000000
11000001100000101100111110010000
01000000111011100101100011000000
11000001011000000000011011110000
01000000110011010011010100101000
10111111101110110101000100000000
11000000011000010001100101000000
01000000000111101110010011110000
01000010001010001010001100010010
01000000010110100111010010110000
0
0
0
11000001011000010111011110010000
11000010001001000010010001111110
01000010000010011100011010111010
11000001111000100101111001010000
11000010000111010101101001110100
01000001100110101101100101101100
11000000010000111111111000010000
11000000111011011101111011101000
01000010001001111101010001010000
11000010000001110000000101011110
01000001010011100101010101010000
11000000000101101001010111010000
01000010001101101100010001101000
01000001100010110010010111001100
01000010001110010101110010100110
11000001101011101111010101010110
0
0
0
11000000111000111011111111111000
11000000010110111001000010000000
11000010000110101110011011111111
01000010001101111010010010100100
01000001111011011111001101000100
11000010000101011101111000000100
11000010001111110100000010000101
01000001010100100001001100100000
01000001010100011101011010010100
11000000100111000000010011001000
11000001001111001101011111100100
11000001100001010110101000000000
11000010000011000110101001101011
11000010001111010101110011111110
01000001000111011110000100011100
11000001110110100111101000010110
0
0
0
01000001010111100011110100000000
11000010000000100011011101001011
11000001101110010010001011010011
11000001101100101000000011100110
01000010000011101010010101111100
11000010000001010111010101010110
11000001101100111110111110101111
11000010001001101110110101000110
01000010000000110100011001001010
11000001101011010111110010101100
11000001110001001110101110001000
11000001101100011110001011000010
11000010000110000110011011110110
11000001110001110111100000111010
01000010001011000111001001111000
11000001110001011010000001000001
0
0
0
11000001110110011100010100000001
11000000000100000101001000010000
01000001111111100101101011010000
01000010000101111000100001101100
11000000101100001010011101001000
11000001110000010011101010010111
11000000000001101111110011010000
11000001100010100111000010000100
01000010000011101100000110100110
11000010001010011101111111010001
11000001010011100011111100100100
11000001011000000000001111010100
01000001100010010111011011010100
01000000101100010001111100001000
01000001111110111010010010100000
11000010000100001010110100101000
0
0
0
11000010000001100001000000011001
01000001110100011001011011010100
01000010000011001001101110001010
01000010001001111000101000010100
11000001001011010111010110010100
01000001010111011100010000111000
01000010001010000110001000101000
01000010010001111111010111001110
11000010001010100011101000101110
11000010001111001001011111100100
01000001101011100100000001101000
11000010001100010000101100110111
11000010001010001011010101011110
11000001111000001100001010100010
01000010000101001010001100010110
11000010000111101010001000010101
0
0
0
01000010000111010011010001100110
01000000111110100001001011010000
10111110111011100001100010000000
01000001011101000001010101110000
11000010001001110011101100010100
01000001101111101100101100000000
01000010001000111010001001001010
11000010001001101100010001111111
11000010000100001110110110001100
11000010000001100000010110100011
11000010001101010010001001001000
11000001011111000011111010110000
01000001001101001111011000011000
01000001100001000110010010000100
11000010000100011011010101010011
11000010000011011010111001011111
0
0
0
01000001010101011001010001110000
11000001101100110111010001010000
01000000100010001110100101001000
01000010001010011100100010010100
11000010000110111011101010010001
11000000100101000110110111110000
11000000100011111000010010001000
01000001010110011001101110011000
01000001101100101001110101111000
01000010001100111010000101101000
01000000110011011001010100000000
11000010001010010100101100000100
11000010001001101010100110111000
11000001000100101001001011001100
01000000011010110111110110100000
01000001100011001010000111111100
0
0
0
11000010000011000011000001110100
11000001011100101101111001000000
10111111101100100111010101100000
01000010000101010001000011011110
11000010000010101111010100001110
01000001011010001011101011110000
01000001110010010001000101111100
01000010001100000110010001111010
01000010000011111100010110001010
01000001101111110010101000110000
11000010001111000000100101001010
01000001100001011111100000111100
01000010001100010011011000100100
01000001010001111101101101111000
11000010001011010010111101101001
11000010000111101111011100010010
0
0
0
01000001001011001011110011000000
11000001101101011100101100110111
01000001111111110001010010010000
01000001110010001000110010010000
11000000101011101001011010011000
11000000011111101101111011010000
11000000110111111100010101011000
01000001010111010110110010011000
11000010001101100000100001111010
11000010001010010000010110110100
00111111110101011011111100100000
01000000100010000011111110001000
11000001110110101100011000111001
11000010001001001010010001111001
11000001101001010011010111010011
11000001110110000111001011100000
0
0
0
11000000011001111110100010010000
11000000010011000001101110010000
01000001000011111101101010011100
11000001100000001000110101000000
01000001100111001011001101110000
11000001010100111010010001001100
11000001010101101010111100100100
01000001110101110111010010111000
11000000100010100000110111101000
11000001101101100001110010001000
11000010000010010100001000110000
01000000111010011010010110010000
01000000101001111110011100000000
11000010000011110010001000001001
11000001110001100111000011100110
01000001110010001000010111001100
0
0
0
11000001110101000001000011000011
01000000101101111010111111001000
11000001110010011000001010101011
11000001101110010100111110010110
01000010000100010010000101110000
01000000110111100010100011011000
11000001100000101100101101001010
11000001001110100101001111010100
11000001110001000010110011000111
01000000100011000100110000101000
01000001111111000100001011111000
01000001110111001110101100100100
11000001001101000111100010101000
11000000101010011101011011110000
01000001101011001100011011001100
11000000100100111010001000111000
0
0
0
01000010001010010101001000000000
01000010001011111000011010100000
01000001100001111111110111100000
11000001111110100000100001111111
01000001010101000010011000010100
01000001110110110101101101000000
01000001010110000101111011110000
01000000111110100000011010011000
11000001111011111001001000000010
01000010000000000111110011100000
11000010000011100110001010100001
11000001110110010100110110100101
11000001100101101001000000111010
01000010001000001001000011001110
11000010001011000010100110100000
11000001000010011101110010011100
0
0
0
11000000010010111110100010010000
11000010000110111011110010010000
11000001011011000110110000110100
01000001101111000010100111100100
01000001110001010100111111101000
11000010000010011101100011010100
11000001011111111000001011011100
11000001111100111111011101010111
01000001100001110100010010100000
11000001111110110101101111011110
11000010000101111100111011111001
11000001111000100111100011111111
11000010001111011001111111100010
01000001111110100011110000110000
01000000111111110011000100010000
11000010000110010100000100000011
0
0
0
01000000000000011001011011100000
01000010000101110010010000111100
01000001000111100011100101010100
01000001101101101000010011111100
01000000010001101101110101100000
11000010000010011111001111010110
11000010001101101011111000000101
11000010000010111111010100101000
01000001000000101100010110000100
11000010001101100101110110001100
01000000101101100111100011011000
11000010000100101000001000011010
01000000101010110101101100000000
11000001101011010001011011110000
01000010000001100110001010011000
01000001000001001101000101000000
0
0
0
01000001110010001110010000101000
11000000100111001010100110101000
01000000001010111010101111110000
01000001101100100111011111101100
01000001110011111100101100100100
11000001010001010101101010111100
11000010000000101110011011100110
01000001100000111010100000010100
01000001101101001110010011101000
01000001010001000100001100011000
11000010001001001010001100010010
01000000111000011001010110010000
11000001000010000110110010110100
11000010001100010011110101100110
01000000010101111011001101110000
01000010001011010101111011101000
0
0
0
11000001100011010110000010101110
01000001110101100000001001001100
11000001011001111110101100010000
11000010010000101000110011100111
01000001101011010111101000111000
11000001110000101100101100000001
01000000110111111000001110001000
11000010000010110111100000010000
01000001010111101010110000110100
01000001000001101000000100011100
11000010010001001001101100110010
01000010001100100101101111100100
00111111110110010100111010100000
01000001101000011001100011001000
11000001100110101100000101100010
11000001001010010001001001100000
0
0
0
11000010000110101001010011001100
01000010000011111100100010100110
01000001010010110100111001001000
01000010000100010010011011010110
01000001100111001100111101100100
11000001101000010000010110010010
01000001111101001000110001000000
11000001001110000000100100111100
11000001111100100001101000011010
01000010000011111000001101111000
01000001101010000010000000011000
11000010000110010100001110111001
11000001110101111001101110000100
01000010001010110000001000101100
01000001111111001100000011111000
11000001011000110111001010111100
0
0
0
01000001110010101001010110110100
11000010001010111010001010110000
01000001101001111100111010001100
01000001100100011011010100001100
01000010001000000011111000110000
01000000101100001111100110111000
11000010001100110111110100010110
11000001110011111110010000011111
11000001101001001101011010000000
11000010001000100111000001111111
11000010000011010111110100010100
01000010001011111110100010101010
11000010000010000100001011101111
01000000010110010000000001100000
11000001101101001110110011111011
01000001010001111110011110100100
0
0
0
01000010010001000001100000000100
01000001000000000111001000110100
11000001110111100111000101010101
11000001011110100100110101011100
11000010000001000000100000111010
11000010000101100111001110000010
11000001011101100110001111010000
11000001000110111010111010111000
01000010001111000011011001100010
11000001110000000011001100100010
01000000000110001110010001010000
01000010010001100100001110000100
11000010001111101101111110000100
11000010001000001111111101011011
11000001101111000111000100000110
01000001001111000101001011101000
0
0
0
11000010001011011000011010101011
11000001100001011000100000000010
11000010000100101111001000000111
11000001100101101110011011101101
01000001011110100011001010000000
11000010001010110001101001001110
01000010001101101100101011100010
01000000001000101011000100000000
01000010000100111011011001110010
11000010001100110100010101100110
01000010001000110011011111110110
11000010001100100111100100101100
01000010000110110001000101011010
11000010001011100110000000111100
01000010000011111111111000011000
01000000110000001110001101000000
0
0
0
11000010001001000110101110010011
01000010000111110111001110110100
11000001011000110010011100110100
01000000100010100010110010000000
10111111110011111111001110100000
01000010001010101111101000011010
10111111010110010100110100000000
01000001101001000001010101100100
01000001101001001110111100111100
01000000111001010101010011001000
11000010001110010110001001010100
11000000001010001001100011010000
01000001111110000000111110010100
11000001110111110101110100100010
11000010000100000011010110100010
11000000110011001110011010100000
0
0
0
01000000101111011011111011000000
01000010010001110110001100110010
10111111100110011100001110000000
01000001101110111101011111110000
11000001010000100010100100011100
01000010010001101010111001010100
11000001110110001100000001000101
01000010000000001100110111100100
01000001100001000011110101110000
11000001000011011101101100010100
01000001110110111111001111011000
11000010000010000111001101011000
11000001100101000010111100110100
11000001111111001101110101100100
11000010001101101100000100000101
11000001101001111100011001000010
0
0
0
01000000110101110011110111101000
01000010000011100010011110111010
01000001110010100101100011010000
01000010000110111111011101001000
01000000110011100101011111100000
11000001010100000100010000001100
01000001110000000111111100001100
11000010000100001110001000100100
01000010000000011111010010000000
01000010000001011010011100100100
11000001010110111000101010101000
11000010001000001001000000001000
11000000101110000111110111111000
11000010010000011011010010101101
11000010000001011001101010100010
11000010000111000001101100101000
0
0
0
01000001101011001010010001101100
11000010001010001100011011100000
11000010000001001011011111111011
11000001011010010111100010101000
01000001110100010011111000111100
00111111111001100001011011100000
11000010010000001001010100000010
11000001100000111111101001100100
11000001000000100100011011001000
11000001101110010000110110100101
11000001100001111101111000110010
01000010001111011000111101101100
01000001110110111111111110011000
11000001100011101111001001100000
11000010000001100001110011000010
01000001001010100101010001101100
0
0
0
11000001111101000010111011100100
01000010000001001011101101110100
11000001011011000011101011010000
11000001110110011100111011011010
01000001100011111101100101010100
11000001100010100010001000010110
11000000000110000110011111110000
11000000000010101010001000010000
11000001111100101111001001001001
01000001001000010110001100000100
01000010000011111001111001000000
11000010001100000000111010010100
11000001000100100110010101101100
01000001101000101001010101100000
11000001110111011100001001111001
11000010001101010000000111100110
0
0
0
01000001000010000110000011111100
11000001000001011001110011000100
11000000011011100101000101000000
01000001110001011011001100001100
01000001001100101010110000111100
11000010001111011011100001110101
01000001001110100001001101111000
11000001111001011000111011010111
01000001101011110111011011010100
11000010001111011001100011110001
11000010000010110010000101101110
01000010001011110011001000001010
01000001110010111010100111010100
11000001001011111101011110100000
01000001100101100101001110011100
11000010010000001110001101100001
0
0
0
11000010001010001111010010100111
11000000111010011000110100100000
01000010001011111111110000000000
11000000001010001010001011100000
01000001110011010101110101011000
11000001001110011001101010101100
11000010000010101101100001110111
01000010000110110010001000011100
11000000001110000100011100010000
11000000110010000000001010111000
01000010001100010000000000001010
11000010001110111001101011101000
11000010001011001101011010110001
01000001011010000011001010100000
01000010010001111111110010001010
11000010000111010000000000100011
0
0
0
11000010001001011101000110101001
11000001101000010001011111001010
01000010000010000000110001100010
11000000101001011001011101100000
11000010001100110001111001011010
01000010000001111001010000110100
11000001111101100111111000101110
01000001101010001101001010100100
11000000101011000001000111001000
11000001111101000001110011100100
11000001100011001100001110000110
01000001100001010011001010110000
01000001001011010100110111101100
01000001110101011010000000001000
00111111110011001110101001100000
00111111100110111010111100100000
0
0
0
01000001110001101110100110010000
01000001111001000010000101100000
11000000111011110011001001111000
01000001001110101001101110011100
11000010000110011000010001011100
11000010001001111111000100110000
11000000101100001111110000110000
11000000100010100011000101101000
11000000111100101011100110011000
11000010010000100011110101000110
11000010000100001001000001010011
11000001100001100100100100010100
01000010001010001100010101011100
01000001000010100011001100001100
11000010001110000110111101111010
11000010010001001000010000100110
0
0
0
01000001010100001001111101100000
01000001101001110100100000111100
11000010000101110100010100011011
01000001111011100111010101000000
10111111110101111011100110100000
01000010001000001001110011110110
11000001110010011111000111010001
11000001110000000000011111010000
11000010000001111100110011000100
11000010001101011111000111010011
01000010001111010000011000001110
11000010010000011010111110110000
11000000100010000010111010010000
01000001111011110000111011111000
10111111111110010000011001100000
01000001101101101010111000101000
0
0
0
01000010010000110101010100101100
11000001011001001100000100010000
01000001101011000010001101100100
11000001111100100111100001010101
11000001111111011011100001011111
01000001101111010101001110011000
01000010000011011000110111101000
01000010001111011110001111010110
11000010000110001010000001100010
01000000110010011101111110000000
11000001111111010011010101111000
01000001100100100001101011010100
01000010001101110000010110111000
11000001100001000011001001110100
01000001100010001011001001010100
11000001111001010001001001110001
0
0
0
01000010001011110110001001001000
01000010001010010101101010011100
11000001101010110110100011000110
11000010001000111001001110101100
11000000001101011001011111000000
11000001011000111000011001010100
01000010001111110111100101001010
11000001100000000110011110100100
01000010001110111101000101001100
11000010000011101100100010110010
11000010001000010101011101111110
11000010000100001101111110011100
01000001101010101101011000110000
11000010000011110011011010010001
11000010000001110001011100100010
01000010001101000010100001001110
0
0
0
11000010010001001010111000100011
11000010001000101100011001011011
01000001010101010110101101100000
01000010000001010000011111001010
11000010001010111001000101001001
11000010010001100000101101001111
01000001100101110000000010101100
11000001110111010010010011010111
11000010001000111000110101000000
01000001110110101111010001111000
01000010001010110100011011000000
11000001101011100111110000100101
11000001111101011101001001001101
11000010000101111111001101011010
00111111110010111101110010100000
11000001101110000101010000000010
0
0
0
01000000100101100110111110101000
01000000001111111110010000000000
11000001110110011110011101011101
01000001110110000010100101010000
01000010001111011000011000011100
01000001111000001101010000100000
11000001011000110110001110101100
10111110100110100110011110000000
11000001010001100011110111001100
01000010010000100110001110000000
11000010001111001111110110001110
01000001111010100010101100000100
01000001011101010101101001000000
10111111110011011010000000000000
11000010001010001001111011010010
11000010010001111001101001110101
0
0
0
11000000011001010010011100110000
11000000111011010001101000110000
11000010001100000001111111101101
01000001110000001000110101000100
11000010001110100111111110100000
01000001000100100110010011101100
11000001100010111111110101111010
01000001101010100111011000110100
01000010010001111010010001010000
01000010000000110101101010000110
11000010001011000001010011001010
11000000110110011101110100010000
01000001001001100001110010111100
01000010000010100001101101010110
01000001110011111101001010011100
11000001011010101111011011100000
0
0
0
01000001010110000100001011110000
01000010010001101001101111010000
11000010000111111111011001101100
11000010000000100110010011001101
11000001010110001101111110101100
01000000111110101010011001000000
11000010001100010111111011100100
01000001111010010010001000110000
11000010010000101000111100011111
11000001111010001011000111110110
10111111100110011100010100000000
11000001101101010110110101010000
01000001110100111010000000111100
11000001010011100010000100111000
11000001100011110100010100010010
11000010001011101111110000110000
0
0
0
01000000101000010001001101011000
01000001100100110001000011100100
11000001100110100010111110110001
01000001101000111111101101100000
11000001000011111110001000011100
11000000100010001100111110000000
11000001010100110000110010111000
01000010010001100110111101000110
11000001011100000001001111101100
11000001100111011010000110000100
01000001011110000111100111100000
11000001011100010000000000101100
01000010001011100101110111000110
11000010010000001001101110111000
01000010000111000000101111011010
11000001011100001000011010001100
0
0
0
01000001110110100100010110010100
01000001110100100100011010000000
01000010001011110001111111101110
01000010000001101100100000001000
01000001100010111001100111011100
11000001000001000001000011110100
11000001101001000111000111100011
11000010000011110010000111100001
01000001110111101110101000111100
11000001000001010110111010110000
11000010001001010011101001011101
01000001100000111101010111100100
01000001101000010100110010111100
01000001011100101010110101111000
11000010001101111010110110101000
01000001110111111110101000100000
0
0
0
11000001100010000100101110110100
11000010010001011110110111111011
01000001110000100010101001001000
00111101100111111100101000000000
01000001111000111100010000011000
11000001100101101011111010011010
01000010000110011010100111100100
01000001101000110100010100110000
11000010000011110111001000001011
01000001110010101000000010001000
11000010010000100111111100010100
01000010000101011111111110000010
11000000100100100100111010001000
11000000101010001101101100010000
11000010001011111001010000011011
11000001101110000010010010111110
0
0
0
01000000101010111101000101010000
01000001110010101100110001111100
01000001111101101000111010111100
01000010001111000111010011111000
01000001111000000001011100010000
01000001110010011011101011010100
11000000101110100010111101100000
01000000010001101111000100100000
01000001111000001101101001100100
01000001110101101100001000110100
11000010001010111010111101001101
11000001100001111000110010000110
11000001101111011001001010110000
01000010001010001011001001100110
11000001110010010111011101001101
11000010000011010100111001100010
0
0
0
11000000011000110110111000000000
11000001101000110001110111111100
01000000110000101001001011001000
01000001110100010011111010011100
11000010001100111000010101100100
11000001110101001000000111000010
01000001110001000011100001001100
01000010000100101111010101011000
01000010000000111011100100000100
01000001011111101111001011101000
11000000110100100100101101011000
11000001111111010000000101100100
01000010001111110101010010111000
01000000101101101111011000000000
01000010000000010100001101010000
11000010001001001001011001101110
0
0
0
11000000101110000000010011011000
11000001011010000111111001111000
01000001110110001000111110010000
01000010000011000011100011001000
11000001100001010101100110101110
01000001111010001111011111001100
01000001101111111010010010100100
01000001101100111111110100100000
01000001110010011101100100100100
01000001011000110011100011110000
01000001101000001110101011011000
01000001000011010011011111100000
10111111101001110010111111000000
11000010000111010110010010110010
01000010001011010001011101011000
01000001110110001101111100100000
0
0
0
01000000010010010111001110110000
01000001101100001001010001010000
11000001000000011001000001011000
10111111110111101111000100100000
01000001100011001111011000011100
01000010010000011101110001010100
11000001111011100000011001101000
01000010000010111111000001101010
11000001101000110101101111000110
11000000010011111010011010100000
01000001111011001000010111001100
11000010000011100111101100110011
11000010010000100101010010110110
11000001001101111111111011111000
01000001110010100110001001110100
01000001101110011001001110111000
0
0
0
01000001101101001111111110000100
01000001010000100111100111111000
01000001010100101100010010000100
01000001110101110010111010100100
11000001010000111100000000001000
01000010010000101100110111100110
11000010001100110101000001011101
01000001011111000011000011001000
11000000101001111011011011000000
11000001000001010100101011110000
11000000011110111000110110000000
01000000111000000110010110000000
01000000011110010111000010010000
01000010000011010000011100010110
01000000001110110010100100000000
01000001110010010011111010011000
0
0
0
01000001111100101101010100001000
01000010001100101010010000100000
11000010000110010010001001010000
11000000101110110111001100101000
01000010001101000100110010011010
11000010010000110010001110110101
11000010000010110101001110101110
01000001111000010010100110010000
01000000101100001010001101001000
11000010000000111110010101111000
01000000011001010010110010100000
01000001111100100100111111001000
11000001011100001110011100111100
00111111100010000110010101100000
01000010000111111000000100010000
11000010001011010111100000111000
0
0
0
11000000010111010100111100110000
01000001010101111111001110000000
01000001111110100000011110100100
01000010000100010011101011110110
11000010000000011000011001110000
01000001111000001001111000100100
11000001100011010011011100010100
11000001010100100110011000101100
11000000101011110101111110110000
11000010001100111011111111011011
01000000010011001100101000110000
00111110101010111001010000000000
11000001100111001111101000110000
01000001110110011111010110101100
01000010001110100001001010000010
01000010001001000011101010110000
0
0
0
11000010000010100100110001101111
11000010001001001110111000111111
01000001000111001100110110001100
01000010010001100011010010100010
11000010010001110011101000111101
11000010001000000101111011100011
11000001011000101111000100000000
01000001000100110000010100011100
01000010001011111001101110011000
11000010001101110101010111010010
11000001000011011010010111101000
11000010001010001100011100001011
01000010000100101000001011011010
11000001100100101111110110101101
11000001101001011101110010000001
11000001110001001000000001000011
0
0
0
11000000111000110111110111001000
01000010000111011000111000111000
11000001010011110110001100101100
11000010000010011110110011110000
11000010000111011110111001001110
01000001111110011100100010001100
01000010001100101100011100011000
01000001110011110000100001111000
11000001011000000011111001111000
11000010010000110010101001001100
00111111101110011100001011100000
11000001100000000100010110000010
11000001000001010001000110110100
11000001010110100001011111100100
01000001000111101110011110111000
01000000000110001010100001000000
0
0
0
11000001100110101111100000110001
11000001110110001011010100011000
11000010001111100011010110001010
11000001101000110010101001011000
01000010000011001000011111100000
01000001001001111111111010011000
01000010001100010000111000101000
11000001111101100001101100111100
11000001110001010000100110001110
00111111110011111110000001100000
01000001000111011000000011101000
11000001110111100011000100100111
01000010001011011001001001101100
11000010000011110011001110101010
11000001111101010110001010010111
01000001100001111010000000100000
0
0
0
11000001111111011000001011111001
01000010010001011000010011111010
11000000110011001001000100101000
01000010000010111111100110011010
01000001111110011101100101000000
11000001111101000000000100000010
11000001011110110110011111110100
11000010000011110111001101110110
11000001101001110101110111101011
11000000111000001101000101001000
10111111111100101100010010000000
01000010000000111111001101100010
01000001101010000001010001000000
01000001110110100000001110110100
11000001100010101110101100010010
01000010001101100000100100111100
0
0
0
01000001010110011111000101101000
01000001101100010011001011001000
11000001110100101011100011010100
11000010000101001100110001011000
01000000001110111110001110110000
01000001001111110110110101100100
01000000101101100110100100010000
11000010000110011110000111101110
01000010000110110100100000110110
11000010000101010010001001101100
11000001000001010100101011000100
01000001000101111001011000010000
01000010001100111011000010001000
11000001101010111101101011100011
01000000101001101000110010001000
01000010001001110010011110111110
0
0
0
11000001001100001010110110100000
11000010000100101001011000000100
01000001000111000101001101011000
01000001010110110101010011111000
11000000100100100111101000001000
11000010001001000110010010101110
11000001111001110100010100010110
01000000111000111101001110011000
01000001001000111100001011101000
01000010000100000101001010100000
01000010010001100101111011011010
01000000110101001000001111010000
01000010001000111111100001110100
01000010000000011101010011000110
11000010001010100110101110100010
01000010001000001100010110111110
0
0
0
01000001111111010010000110111100
01000001110010111111000011111000
01000001010101101100001011001000
11000010001010101010111111111101
01000010001010101101011010001000
11000010000111110111111100101110
11000001101111110001000000100101
11000010001110110011000000100101
01000001111010010101001101001100
01000001101001110001100100011100
01000001101111111000110110110000
11000010001011000001000111000010
10111111100011011011100000000000
01000000011110001010011111100000
01000000001011110100000101110000
01000001100011010100101000010100
0
0
0
10111111110111001110111010000000
11000001001101010110111001011000
11000001110110100011111101110011
11000001110101110010110010001001
11000010000101110010111111010010
01000001001101110010000010111000
01000010001001110010010000100000
00111111010101011000010100000000
01000001011011000111110111101000
11000010001010001001000010111010
11000010000111101111001011000011
11000001001100101101001001000100
11000010001101111101100110001111
11000010001011011110101110001110
11000010001100011100001011011010
01000000011100100110101010100000
0
0
0
01000010001010100101000100110100
01000001110111110111001000111100
11000001010000011100011111110100
01000010000100101111011111111100
01000001101111001011000011010000
01000010000111000000110110101010
01000001000100001001110100100100
11000001100111001111000111001100
11000001111100111110111000001000
11000000110000110100001110010000
11000010000010000000000001011010
01000000011001111101110000100000
11000010010000011101100100000100
11000001111011010110110110000110
00111111110101010101001100000000
01000010000111101111010111111100
0
0
0
11000001010010000100111000011000
11000000110011111110000101111000
10111111011110101001001100000000
11000010000000001001010011001110
11000001111111110011010110011010
11000001001001110101010010111000
11000001011001000010000010100000
01000001010101010111110110011100
11000000111111111110000001111000
11000010000000110000110100010000
01000001010111111110101100000100
11000001111011110100001100000011
01000010000001100101010111110110
01000010000011101011110110110000
01000010001011110000011001000100
01000010001010110001111001011000
0
0
0
01000001001100011011001100001100
01000010001001101001000011000110
01000001111011101111011100110000
11000001111111011111100000010010
01000001101010111000110010111000
11000010001100100000001011001110
11000010000010111111111111011010
11000001110000011011011000011011
11000001100011001010111100110100
01000001001001110110000010110000
01000010010000000011001000011100
11000001100100010000011100000000
11000001110000011100000111000111
01000001110001100010000100010100
11000001101010111010001100001000
01000000100011100001111000100000
0
0
0
01000001111110101101110101110100
11000010000010001110001110101000
11000010001001110000001101011000
11000010000100000010110111101100
01000000010011001010110000000000
11000001110111001100010010101101
11000010001001110110011111001010
11000001001101110101111011011000
11000001111000101110001000101000
11000010000001101111000011110101
11000010001011111011011001100100
01000001101011011110001010001000
01000001101111001000101100101000
11000000100000010011000101111000
11000010001110010101101001011100
11000001111001010001010101001101
0
0
0
01000010001110010000001000111000
01000010000111100101111011000100
01000001100011100011011110111100
01000001000101011000001010011100
01000001110000001101001000100100
11000010000101001011000111001010
11000010001000011110110110100101
01000001110101011001000110000100
01000001010111000011010001001100
11000001100110100101101010110100
01000010001011011000111111011010
11000001101110010000110111000001
11000001101100011111001101100010
01000010010000111100001000001110
11000000111110000111000101001000
01000010000100101101010001100000
0
0
0
01000000100101011001111101100000
11000001101010111100000101111111
01000000010000000110000010100000
11000001101110010110000001001011
01000010000111110010100100110000
01000001001011010000000101011100
11000001111110110011111001000100
11000001110101001000110001111111
01000010001111110011010010110000
01000010000000111011101010001110
01000001001001000000001111001100
11000001001110111011111000000000
01000001000001101111111001001000
01000001011011010010001101110000
01000001000010110011100100110000
11000001111001010111001110111101
0
0
0
11000010001010000001111001100101
11000000111100100100000000011000
01000001010011110110001000000100
11000010001010111100011010110110
01000001110011101010100001110000
11000010000111000011100111000110
11000001101100110001011001010101
01000001110100010111001011011000
11000001101101110100110100001110
01000001000101011101111110100000
11000001100001011011011100100010
11000010001010100010110001000101
11000001010101010011111100100100
01000001001101101010010010011000
11000001101001111110111100011010
01000010010001101000111110010010
0
0
0
01000001000111100101110100110000
01000010000101010111001100001000
01000001010001110101100111011100
01000001100011100101110000011100
01000001011111100011010010000000
01000000111001001001110001111000
11000001110101100001111110101000
01000001111111010011010011000100
11000010001000011011011110000100
01000010001101011001110110011000
11000000110000000101011100011000
11000001110100100001011110101100
01000001011101100111000101011000
11000010000101010001101111110010
11000010000010001011110000000110
11000010001100000011101110100111
0
0
0
01000010000001110011001111101100
11000010001110011111100101111100
11000001110100101101110001111010
11000001100100101101011001010101
01000000101010110111100010110000
11000001010111110111110001101000
01000010001010100001011101100010
11000010000110100000111111001010
01000001111001110111010010001000
00111110110000000001000000000000
11000001101001110001000010011001
11000010010000100100010111110001
11000001001000010010101010111000
11000010001100101001110100001000
11000001100011001011010000000010
01000010001011011100010001010110
0
0
0
01000001110001111110011010010100
01000010001111110100001100111010
01000001000011010100001110001000
11000001010111110101100100000000
11000000111001111001111010001000
11000010001111110000100011010100
11000010001101011011101000111110
01000001101000000011110010000000
01000001000100001101100011011100
01000010001101010010101010101010
01000000101100011010000010011000
01000010001001010010101111001010
01000000110010100010100000011000
01000010001011100000011110111110
01000001000110010001000011000100
01000000010010101001111000100000
0
0
0
11000001010000001111011110010100
01000001000101000100001101111000
01000010000111110100110110011100
01000010000110111110011110110000
01000001101101000011101000110100
01000010000001110101011111111100
01000010000111101101100111011100
01000010001101000010011000011000
11000001100010100000000000110000
11000010000001100011001110100100
01000010000100100100101100000110
01000000111011111101011110101000
11000001010110000011010110110000
11000001101011000001100010000101
11000001111110111101000101101001
01000010001100110001100110101110
0
0
0
01000001111101001001000111001100
01000010000010100001110001111110
01000010010001010010001110011000
01000010000000001010111011011010
01000001101101100001000100000000
01000001100001001100101110010100
11000010000000110010101010100111
11000001001000001110111101111100
11000001100100101111111000110101
01000010001110011000010111000000
01000010001010000011001001001010
11000001101010111101111001100100
11000001110001011111100100010111
01000010000000000011001001110010
01000001110100001000111001100000
11000001100100111101000001111100
